L1=31
L1_Q_0=0,6,1,0,3,0,0,2,5,0,5,0,0,0,8,1,0,7,0,0,0,0,0,7,0,3,4,0,0,9,0,0,6,0,7,8,0,0,3,2,0,9,5,0,0,5,7,0,3,0,0,9,0,0,1,9,0,7,0,0,0,0,0,8,0,2,4,0,0,0,6,0,0,4,0,0,1,0,2,5,0
L1_A_0=7,6,1,9,3,4,8,2,5,3,5,4,6,2,8,1,9,7,9,2,8,1,5,7,6,3,4,2,1,9,5,4,6,3,7,8,4,8,3,2,7,9,5,1,6,5,7,6,3,8,1,9,4,2,1,9,5,7,6,2,4,8,3,8,3,2,4,9,5,7,6,1,6,4,7,8,1,3,2,5,9
L1_Q_1=1,0,0,8,3,0,0,0,2,5,7,0,0,0,1,0,0,0,0,0,0,5,0,9,0,6,4,7,0,4,0,0,8,5,9,0,0,0,3,0,1,0,4,0,0,0,5,1,4,0,0,3,0,6,3,6,0,7,0,4,0,0,0,0,0,0,6,0,0,0,7,9,8,0,0,0,5,2,0,0,3
L1_A_1=1,4,9,8,3,6,7,5,2,5,7,6,2,4,1,9,3,8,2,3,8,5,7,9,1,6,4,7,2,4,3,6,8,5,9,1,6,8,3,9,1,5,4,2,7,9,5,1,4,2,7,3,8,6,3,6,2,7,9,4,8,1,5,4,1,5,6,8,3,2,7,9,8,9,7,1,5,2,6,4,3
L1_Q_2=9,7,2,0,0,5,8,3,4,0,3,4,2,7,8,5,0,9,0,5,6,0,0,0,1,2,0,0,0,3,4,2,0,0,9,0,0,0,7,0,0,1,0,0,5,0,8,0,0,3,7,0,0,6,0,0,0,0,5,0,0,8,3,0,6,5,1,0,0,9,7,0,0,9,8,7,6,3,0,5,0
L1_A_2=9,7,2,6,1,5,8,3,4,1,3,4,2,7,8,5,6,9,8,5,6,3,4,9,1,2,7,5,1,3,4,2,6,7,9,8,6,2,7,8,9,1,3,4,5,4,8,9,5,3,7,2,1,6,7,4,1,9,5,2,6,8,3,3,6,5,1,8,4,9,7,2,2,9,8,7,6,3,4,5,1
L1_Q_3=5,4,7,3,2,6,9,0,1,0,2,3,4,8,9,0,0,7,0,0,8,1,0,7,2,3,4,0,1,0,5,0,4,0,0,9,0,3,4,0,9,1,8,2,5,0,5,9,0,0,8,1,0,0,0,0,1,8,4,0,3,9,0,0,8,5,9,6,3,0,0,2,0,9,6,0,0,2,0,5,0
L1_A_3=5,4,7,3,2,6,9,8,1,1,2,3,4,8,9,5,6,7,9,6,8,1,5,7,2,3,4,8,1,2,5,3,4,6,7,9,7,3,4,6,9,1,8,2,5,6,5,9,2,7,8,1,4,3,2,7,1,8,4,5,3,9,6,4,8,5,9,6,3,7,1,2,3,9,6,7,1,2,4,5,8
L1_Q_4=0,0,5,0,2,3,6,0,1,1,0,3,4,6,9,5,0,8,0,0,0,1,0,8,2,3,0,0,1,2,0,4,5,0,0,9,0,0,4,0,9,0,1,5,6,0,8,0,0,0,0,0,0,2,0,0,0,2,0,4,9,6,7,0,7,6,9,3,1,8,0,0,0,0,0,5,7,0,0,1,3
L1_A_4=8,4,5,7,2,3,6,9,1,1,2,3,4,6,9,5,7,8,9,6,7,1,5,8,2,3,4,6,1,2,3,4,5,7,8,9,7,3,4,8,9,2,1,5,6,5,8,9,6,1,7,3,4,2,3,5,1,2,8,4,9,6,7,4,7,6,9,3,1,8,2,5,2,9,8,5,7,6,4,1,3
L1_Q_5=3,4,0,5,9,8,2,7,6,0,5,0,0,3,7,4,8,0,0,0,8,0,0,6,1,3,5,0,0,2,3,5,0,6,9,7,0,0,0,6,1,9,5,0,0,0,6,0,7,0,0,3,1,4,0,2,3,0,0,5,0,4,0,0,8,0,0,0,0,0,6,0,0,0,7,0,0,0,8,5,2
L1_A_5=3,4,1,5,9,8,2,7,6,2,5,6,1,3,7,4,8,9,9,7,8,2,4,6,1,3,5,8,1,2,3,5,4,6,9,7,7,3,4,6,1,9,5,2,8,5,6,9,7,8,2,3,1,4,6,2,3,8,7,5,9,4,1,4,8,5,9,2,1,7,6,3,1,9,7,4,6,3,8,5,2
L1_Q_6=5,0,9,4,2,0,6,0,0,1,2,3,5,0,0,0,7,0,0,0,6,0,7,9,2,3,0,0,0,2,0,4,5,0,0,6,0,0,0,0,8,0,5,0,1,0,5,0,0,0,1,3,2,4,0,6,1,8,3,0,0,5,7,0,8,7,0,0,4,1,6,2,0,0,0,6,1,7,8,4,3
L1_A_6=5,7,9,4,2,3,6,1,8,1,2,3,5,6,8,4,7,9,8,4,6,1,7,9,2,3,5,9,1,2,3,4,5,7,8,6,7,3,4,2,8,6,5,9,1,6,5,8,7,9,1,3,2,4,4,6,1,8,3,2,9,5,7,3,8,7,9,5,4,1,6,2,2,9,5,6,1,7,8,4,3
L1_Q_7=0,0,7,0,0,0,0,0,8,0,3,5,1,0,8,6,0,9,0,6,8,0,3,7,0,4,0,0,1,0,3,0,4,7,9,6,0,5,3,7,1,9,0,8,2,0,7,9,8,2,0,3,5,1,0,2,1,4,8,0,0,6,0,0,8,4,9,6,1,0,0,3,0,9,6,5,0,2,8,1,0
L1_A_7=1,4,7,6,9,5,2,3,8,2,3,5,1,4,8,6,7,9,9,6,8,2,3,7,1,4,5,8,1,2,3,5,4,7,9,6,6,5,3,7,1,9,4,8,2,4,7,9,8,2,6,3,5,1,5,2,1,4,8,3,9,6,7,7,8,4,9,6,1,5,2,3,3,9,6,5,7,2,8,1,4
L1_Q_8=0,0,7,0,3,0,0,5,1,1,0,4,0,5,7,6,0,0,0,0,6,1,4,0,2,0,0,0,1,2,0,6,4,5,9,0,0,4,0,5,9,1,0,2,6,0,6,9,0,8,2,1,0,0,0,2,1,8,7,0,9,6,0,0,0,5,9,2,6,8,1,4,0,9,8,0,1,5,3,7,2
L1_A_8=2,8,7,6,3,9,4,5,1,1,3,4,2,5,7,6,8,9,9,5,6,1,4,8,2,3,7,7,1,2,3,6,4,5,9,8,8,4,3,5,9,1,7,2,6,5,6,9,7,8,2,1,4,3,4,2,1,8,7,3,9,6,5,3,7,5,9,2,6,8,1,4,6,9,8,4,1,5,3,7,2
L1_Q_9=0,0,0,9,0,1,0,0,7,1,3,6,0,4,0,5,0,0,0,0,8,3,0,0,0,0,0,0,1,0,4,0,0,7,0,0,0,0,3,1,6,9,2,5,8,0,5,9,0,2,0,3,4,1,0,0,1,5,9,2,0,7,3,0,8,5,0,7,4,0,1,2,0,0,7,8,1,3,4,6,5
L1_A_9=5,2,4,9,8,1,6,3,7,1,3,6,2,4,7,5,8,9,9,7,8,3,5,6,1,2,4,8,1,2,4,3,5,7,9,6,7,4,3,1,6,9,2,5,8,6,5,9,7,2,8,3,4,1,4,6,1,5,9,2,8,7,3,3,8,5,6,7,4,9,1,2,2,9,7,8,1,3,4,6,5
L1_Q_10=3,5,6,0,0,0,8,9,0,1,2,0,3,0,9,0,6,0,0,7,0,4,0,6,1,2,3,0,0,2,5,0,0,6,0,0,0,3,0,6,9,0,2,4,8,0,0,0,2,0,8,3,1,5,0,0,1,7,4,0,9,8,0,0,8,0,0,1,0,7,5,0,0,9,7,8,6,5,4,0,1
L1_A_10=3,5,6,1,2,7,8,9,4,1,2,4,3,8,9,5,6,7,9,7,8,4,5,6,1,2,3,8,1,2,5,3,4,6,7,9,7,3,5,6,9,1,2,4,8,6,4,9,2,7,8,3,1,5,5,6,1,7,4,3,9,8,2,4,8,3,9,1,2,7,5,6,2,9,7,8,6,5,4,3,1
L1_Q_11=9,0,3,0,5,6,8,0,0,0,0,0,3,0,8,5,0,9,0,5,6,0,2,9,3,4,0,0,0,2,0,0,0,6,0,8,0,3,0,8,0,1,2,0,4,0,0,0,2,6,7,0,0,5,0,0,0,0,8,2,9,5,0,0,6,7,0,1,5,4,8,3,0,9,0,6,0,3,7,0,1
L1_A_11=9,7,3,4,5,6,8,1,2,1,2,4,3,7,8,5,6,9,0,5,6,1,2,9,3,4,7,0,1,2,5,3,4,6,9,8,0,3,5,8,9,1,2,7,4,0,8,9,2,6,7,1,3,5,0,4,1,7,8,2,9,5,6,0,6,7,9,1,5,4,8,3,0,9,8,6,4,3,7,2,1
L1_Q_12=2,3,0,8,0,4,5,1,0,1,0,5,2,3,7,0,0,9,0,7,0,1,0,6,0,0,4,0,1,2,0,4,5,7,0,0,0,5,3,6,1,0,4,2,8,0,6,0,0,2,0,1,0,0,0,0,1,4,8,3,9,7,5,0,0,4,9,7,1,3,0,0,0,9,0,5,6,0,8,4,1
L1_A_12=2,3,6,8,9,4,5,1,7,1,4,5,2,3,7,6,8,9,0,7,8,1,5,6,2,3,4,0,1,2,3,4,5,7,9,6,0,5,3,6,1,9,4,2,8,0,6,9,7,2,8,1,5,3,0,2,1,4,8,3,9,7,5,0,8,4,9,7,1,3,6,2,0,9,7,5,6,2,8,4,1
L1_Q_13=0,7,9,4,5,0,3,1,2,0,0,3,6,0,9,4,5,0,0,4,5,1,0,3,6,7,0,0,1,2,3,0,0,7,0,0,0,3,4,2,0,6,0,0,0,0,6,0,7,9,1,2,3,0,0,5,1,0,3,0,9,0,7,0,0,6,9,0,7,5,4,3,0,0,7,0,6,4,0,2,0
L1_A_13=6,7,9,4,5,8,3,1,2,1,2,3,6,7,9,4,5,8,0,4,5,1,2,3,6,7,9,0,1,2,3,4,5,7,8,6,0,3,4,2,8,6,1,9,5,0,6,8,7,9,1,2,3,4,0,5,1,8,3,2,9,6,7,0,8,6,9,1,7,5,4,3,0,9,7,5,6,4,8,2,1
L1_Q_14=8,3,6,5,2,1,0,7,9,0,2,0,3,0,0,5,0,8,0,0,7,4,6,8,0,0,0,0,1,0,6,3,0,8,0,5,0,0,3,8,0,0,0,1,0,0,8,0,0,5,7,2,3,4,0,6,1,7,0,5,9,8,2,0,0,0,9,8,6,3,0,1,0,9,0,2,1,0,7,5,6
L1_A_14=8,3,6,5,2,1,4,7,9,1,2,4,3,7,9,5,6,8,0,5,7,4,6,8,1,2,3,0,1,2,6,3,4,8,9,5,0,4,3,8,9,2,6,1,7,0,8,9,1,5,7,2,3,4,0,6,1,7,4,5,9,8,2,0,7,5,9,8,6,3,4,1,0,9,8,2,1,3,7,5,6
L1_Q_15=0,1,4,0,0,0,0,8,6,0,3,5,6,7,8,0,4,0,0,6,7,0,4,9,2,3,5,0,0,1,3,0,4,5,9,0,0,0,0,0,0,0,0,0,0,0,0,0,5,2,0,3,1,0,0,5,0,0,8,0,9,0,1,0,7,6,9,1,2,0,0,0,0,9,8,7,3,5,4,6,0
L1_A_15=9,1,4,2,5,3,7,8,6,2,3,5,6,7,8,1,4,9,0,6,7,1,4,9,2,3,5,0,2,1,3,6,4,5,9,8,0,4,3,8,9,1,6,2,7,0,8,9,5,2,7,3,1,4,0,5,2,4,8,6,9,7,1,0,7,6,9,1,2,8,5,3,0,9,8,7,3,5,4,6,2
L1_Q_16=0,6,7,0,5,3,8,9,4,1,3,4,0,0,9,0,0,0,0,0,0,0,6,0,0,0,0,0,1,0,3,0,0,6,7,0,0,4,0,6,9,1,2,5,0,0,9,5,7,0,0,3,4,0,0,2,1,5,0,4,9,8,0,0,7,9,8,1,0,4,3,2,0,8,6,9,3,0,7,1,5
L1_A_16=2,6,7,1,5,3,8,9,4,1,3,4,2,8,9,5,6,7,0,5,8,4,6,7,1,2,3,0,1,2,3,4,5,6,7,9,0,4,3,6,9,1,2,5,8,0,9,5,7,2,8,3,4,1,0,2,1,5,7,4,9,8,6,0,7,9,8,1,6,4,3,2,0,8,6,9,3,2,7,1,5
L1_Q_17=6,5,0,0,1,7,0,0,0,1,0,4,3,0,9,0,0,8,0,0,8,2,4,6,1,0,5,0,1,0,4,3,5,7,6,9,0,0,5,0,9,1,0,0,4,0,0,9,7,2,8,0,5,1,0,4,0,5,6,2,0,9,0,0,0,0,9,7,4,0,0,0,0,0,7,0,8,0,4,2,0
L1_A_17=6,5,3,8,1,7,9,4,2,1,2,4,3,5,9,6,7,8,0,7,8,2,4,6,1,3,5,0,1,2,4,3,5,7,6,9,0,3,5,6,9,1,2,8,4,0,6,9,7,2,8,3,5,1,0,4,1,5,6,2,8,9,7,0,8,6,9,7,4,5,1,3,0,9,7,1,8,3,4,2,6
L1_Q_18=2,7,3,1,0,8,0,6,4,0,0,5,0,6,9,0,7,0,0,0,8,3,4,7,1,0,5,0,0,2,0,0,5,0,8,0,0,0,4,0,0,1,2,0,7,0,0,0,0,8,2,4,1,0,0,2,1,5,7,3,8,0,6,0,8,0,9,1,0,7,3,2,0,0,7,8,2,0,5,4,0
L1_A_18=2,7,3,1,5,8,9,6,4,1,4,5,2,6,9,3,7,8,0,6,8,3,4,7,1,2,5,0,1,2,4,3,5,6,8,9,0,3,4,6,9,1,2,5,7,0,5,9,7,8,2,4,1,3,0,2,1,5,7,3,8,9,6,0,8,6,9,1,4,7,3,2,0,9,7,8,2,6,5,4,1
L1_Q_19=0,0,0,9,0,0,0,2,6,1,0,5,0,0,7,0,8,9,0,0,7,0,0,8,0,0,0,0,1,0,0,3,6,5,9,0,0,3,4,0,0,0,2,6,7,0,8,9,5,0,2,3,0,4,0,0,0,6,9,3,8,0,0,0,0,0,0,2,4,0,5,0,0,9,8,7,5,1,6,4,0
L1_A_19=8,4,3,9,1,5,7,2,6,1,2,5,3,6,7,4,8,9,0,6,7,2,4,8,1,3,5,0,1,2,4,3,6,5,9,8,0,3,4,1,8,9,2,6,7,0,8,9,5,7,2,3,1,4,0,5,1,6,9,3,8,7,2,0,7,6,8,2,4,9,5,1,0,9,8,7,5,1,6,4,3
L1_Q_20=5,0,3,0,2,7,0,0,0,1,0,6,3,4,0,5,7,9,0,0,8,1,5,0,2,3,0,0,1,2,4,0,0,6,9,0,0,0,4,0,6,0,1,5,8,0,0,9,7,0,1,0,0,0,0,6,1,5,7,2,0,0,0,0,8,5,6,9,4,7,2,1,0,9,0,8,1,0,4,0,5
L1_A_20=5,4,3,9,2,7,8,1,6,1,2,6,3,4,8,5,7,9,0,7,8,1,5,6,2,3,4,0,1,2,4,3,5,6,9,7,0,3,4,2,6,9,1,5,8,0,5,9,7,8,1,3,4,2,0,6,1,5,7,2,9,8,3,0,8,5,6,9,4,7,2,1,0,9,7,8,1,3,4,6,5
L1_Q_21=6,7,0,0,9,1,5,8,4,1,3,0,2,5,8,6,7,9,0,5,8,0,6,0,0,2,0,0,0,0,5,0,0,0,9,6,0,2,0,6,0,0,3,4,8,0,0,0,7,8,0,0,1,5,0,4,1,8,3,0,9,0,7,0,8,0,9,7,5,4,3,1,0,0,0,1,0,0,0,5,0
L1_A_21=6,7,2,3,9,1,5,8,4,1,3,4,2,5,8,6,7,9,0,5,8,4,6,7,1,2,3,0,1,3,5,2,4,7,9,6,0,2,5,6,1,9,3,4,8,0,6,9,7,8,3,2,1,5,0,4,1,8,3,2,9,6,7,0,8,6,9,7,5,4,3,1,0,9,7,1,4,6,8,5,2
L1_Q_22=2,1,3,0,0,0,0,0,0,0,5,0,1,0,9,0,7,0,0,7,0,0,4,5,1,0,6,0,0,0,4,3,6,0,8,0,0,3,0,0,9,0,0,1,0,0,6,9,7,8,0,2,0,4,0,0,0,8,1,0,0,5,3,0,8,5,0,6,3,7,4,2,0,0,0,2,5,0,8,0,0
L1_A_22=2,1,3,6,7,8,4,9,5,4,5,6,1,2,9,3,7,8,0,7,8,3,4,5,1,2,6,0,2,1,4,3,6,5,8,9,0,3,4,5,9,2,6,1,7,0,6,9,7,8,1,2,3,4,0,4,2,8,1,7,9,5,3,0,8,5,9,6,3,7,4,2,0,9,7,2,5,4,8,6,1
L1_Q_23=6,5,1,9,4,8,0,2,0,2,3,0,1,5,7,0,0,9,0,7,8,2,3,6,0,4,5,0,0,0,0,6,0,0,0,7,0,0,0,0,1,9,2,6,0,0,6,9,7,0,0,3,0,4,0,2,5,4,0,0,8,7,0,0,8,7,6,2,0,9,0,0,0,0,0,8,7,0,4,3,0
L1_A_23=6,5,1,9,4,8,7,2,3,2,3,4,1,5,7,6,8,9,0,7,8,2,3,6,1,4,5,0,1,2,3,6,4,5,9,7,0,4,3,5,1,9,2,6,8,0,6,9,7,8,2,3,1,4,0,2,5,4,9,1,8,7,6,0,8,7,6,2,3,9,5,1,0,9,6,8,7,5,4,3,2
L1_Q_24=8,9,0,6,0,0,2,3,0,0,2,0,0,0,0,4,6,9,0,0,0,0,3,0,1,7,8,0,1,2,0,0,5,6,8,0,0,0,4,0,8,6,0,0,2,0,6,8,7,9,0,0,0,0,0,5,1,8,2,7,0,4,6,0,7,6,9,5,1,8,2,3,0,0,9,4,6,3,7,0,0
L1_A_24=8,9,7,6,1,4,2,3,5,1,2,3,5,7,8,4,6,9,0,4,5,2,3,9,1,7,8,0,1,2,3,4,5,6,8,7,0,3,4,1,8,6,5,9,2,0,6,8,7,9,2,3,1,4,0,5,1,8,2,7,9,4,6,0,7,6,9,5,1,8,2,3,0,8,9,4,6,3,7,5,1
L1_Q_25=9,4,5,6,2,0,0,0,0,1,0,3,0,5,8,6,7,0,0,0,0,0,3,0,0,0,0,0,0,0,0,4,5,0,0,6,0,3,4,8,9,0,0,2,7,0,8,0,2,7,6,3,0,4,0,5,1,7,6,0,9,8,3,0,7,6,9,8,3,0,5,1,0,9,8,0,1,4,7,6,0
L1_A_25=9,4,5,6,2,7,1,3,8,1,2,3,4,5,8,6,7,9,0,6,7,1,3,9,2,4,5,0,1,2,3,4,5,8,9,6,0,3,4,8,9,1,5,2,7,0,8,9,2,7,6,3,1,4,0,5,1,7,6,2,9,8,3,0,7,6,9,8,3,4,5,1,0,9,8,5,1,4,7,6,2
L1_Q_26=9,8,0,4,2,3,6,0,0,1,0,3,5,6,0,4,0,9,0,0,0,1,0,0,2,0,0,0,1,2,0,4,5,7,0,0,0,3,4,0,9,2,1,0,8,0,7,9,6,1,8,3,0,4,0,5,1,8,0,4,9,6,7,0,6,0,9,5,1,8,0,2,0,9,0,2,0,0,0,0,0
L1_A_26=9,8,5,4,2,3,6,7,1,1,2,3,5,6,7,4,8,9,0,4,6,1,8,9,2,3,5,0,1,2,3,4,5,7,9,6,0,3,4,7,9,2,1,5,8,0,7,9,6,1,8,3,2,4,0,5,1,8,3,4,9,6,7,0,6,7,9,5,1,8,4,2,0,9,8,2,7,6,5,1,3
L1_Q_27=0,0,0,1,0,3,5,0,0,1,2,3,0,6,0,0,0,9,0,0,5,2,8,9,1,3,7,0,0,2,0,5,4,6,7,8,0,3,4,6,1,0,0,9,5,0,6,0,7,0,0,3,0,0,0,5,1,8,0,0,0,0,0,0,7,0,0,2,5,8,4,0,0,8,0,4,0,1,7,5,6
L1_A_27=8,9,7,1,4,3,5,6,2,1,2,3,5,6,7,4,8,9,0,4,5,2,8,9,1,3,7,0,1,2,3,5,4,6,7,8,0,3,4,6,1,8,2,9,5,0,6,8,7,9,2,3,1,4,0,5,1,8,7,6,9,2,3,0,7,6,9,2,5,8,4,1,0,8,9,4,3,1,7,5,6
L1_Q_28=1,5,0,7,9,0,2,6,0,0,3,6,1,0,0,7,0,9,0,0,8,2,3,6,0,4,5,0,1,0,3,5,4,6,0,7,0,4,0,0,0,9,0,0,0,0,6,0,0,2,0,0,0,4,0,2,0,5,0,3,0,0,6,0,8,5,0,7,1,4,3,2,0,0,7,4,6,2,8,0,1
L1_A_28=1,5,4,7,9,8,2,6,3,2,3,6,1,4,5,7,8,9,0,7,8,2,3,6,1,4,5,0,1,2,3,5,4,6,9,7,0,4,3,6,1,9,5,2,8,0,6,9,8,2,7,3,1,4,0,2,1,5,8,3,9,7,6,0,8,5,9,7,1,4,3,2,0,9,7,4,6,2,8,5,1
L1_Q_29=0,1,0,7,8,0,4,0,6,0,3,0,1,5,0,7,0,9,0,0,0,3,4,0,1,2,0,0,2,0,4,3,5,0,7,8,0,0,3,2,6,8,5,9,0,0,5,8,0,0,0,2,4,0,0,7,0,5,9,1,8,6,0,0,8,5,6,2,0,9,0,0,0,9,6,8,7,4,3,5,0
L1_A_29=5,1,9,7,8,2,4,3,6,2,3,4,1,5,6,7,8,9,0,6,7,3,4,9,1,2,5,0,2,1,4,3,5,6,7,8,0,4,3,2,6,8,5,9,1,0,5,8,9,1,7,2,4,3,0,7,2,5,9,1,8,6,4,0,8,5,6,2,3,9,1,7,0,9,6,8,7,4,3,5,2
L1_Q_30=0,0,1,0,5,6,4,3,0,3,0,5,0,0,7,6,0,0,0,0,0,3,4,8,0,0,0,0,0,2,0,3,5,0,9,6,0,3,0,0,6,9,5,1,0,0,5,0,7,8,1,0,4,3,0,2,3,0,0,0,8,7,0,0,7,6,8,1,3,9,5,2,0,9,0,5,7,2,0,6,0
L1_A_30=2,8,1,9,5,6,4,3,7,3,4,5,1,2,7,6,8,9,0,6,7,3,4,8,1,2,5,0,1,2,4,3,5,7,9,6,0,3,4,2,6,9,5,1,8,0,5,9,7,8,1,2,4,3,0,2,3,6,9,4,8,7,1,0,7,6,8,1,3,9,5,2,0,9,8,5,7,2,3,6,4

L2=30
L2_Q_0=6,0,3,0,0,8,2,0,0,0,2,0,3,6,9,0,0,8,0,5,0,1,0,7,3,0,0,0,0,0,5,0,4,6,9,7,0,0,5,6,9,0,0,0,0,0,6,0,0,8,2,0,3,0,0,0,1,8,7,5,0,6,3,0,8,0,0,1,0,7,0,0,0,9,0,0,4,0,0,0,1
L2_A_0=6,7,3,4,5,8,2,1,9,1,2,4,3,6,9,5,7,8,0,5,8,1,2,7,3,4,6,0,1,2,5,3,4,6,9,7,0,3,5,6,9,1,4,8,2,0,6,9,7,8,2,1,3,5,0,4,1,8,7,5,9,6,3,0,8,6,9,1,3,7,2,4,0,9,7,2,4,6,8,5,1
L2_Q_1=0,5,0,1,0,8,6,0,0,1,0,4,2,0,9,0,7,8,0,6,0,0,0,0,0,0,4,0,1,0,4,2,0,7,0,0,0,2,5,0,0,3,4,8,1,0,7,0,0,8,0,2,3,5,0,4,1,8,3,0,0,0,0,0,8,6,9,7,4,3,1,2,0,9,7,0,1,2,0,4,6
L2_A_1=7,5,2,1,4,8,6,9,3,1,3,4,2,6,9,5,7,8,0,6,8,3,5,7,1,2,4,0,1,3,4,2,5,7,6,9,0,2,5,7,9,3,4,8,1,0,7,9,6,8,1,2,3,5,0,4,1,8,3,6,9,5,7,0,8,6,9,7,4,3,1,2,0,9,7,5,1,2,8,4,6
L2_Q_2=0,0,1,0,8,0,7,2,6,0,0,6,0,3,7,0,8,9,0,0,0,0,5,0,0,3,4,0,0,0,0,4,5,6,0,7,0,0,4,6,0,9,0,0,8,0,6,0,7,2,8,3,0,1,0,0,0,0,9,0,8,7,0,0,8,0,5,0,2,9,0,3,0,0,5,8,0,0,4,0,2
L2_A_2=3,5,1,9,8,4,7,2,6,2,4,6,1,3,7,5,8,9,0,7,8,2,5,6,1,3,4,0,1,2,3,4,5,6,9,7,0,3,4,6,1,9,2,5,8,0,6,9,7,2,8,3,4,1,0,2,3,4,9,1,8,7,5,0,8,7,5,6,2,9,1,3,0,9,5,8,7,3,4,6,2
L2_Q_3=7,0,0,0,0,0,0,1,0,1,2,3,0,0,8,0,0,0,0,4,5,1,2,9,3,7,0,0,0,2,0,3,4,6,0,7,0,3,4,0,0,7,0,2,5,0,0,0,0,0,2,1,4,3,0,0,0,2,0,3,0,0,6,0,0,6,9,4,1,8,5,2,0,8,9,0,5,0,0,3,1
L2_A_3=7,9,8,3,6,5,2,1,4,1,2,3,4,7,8,5,6,9,0,4,5,1,2,9,3,7,8,0,1,2,5,3,4,6,8,7,0,3,4,6,1,7,9,2,5,0,6,7,8,9,2,1,4,3,0,5,1,2,8,3,7,9,6,0,7,6,9,4,1,8,5,2,0,8,9,7,5,6,4,3,1
L2_Q_4=0,9,0,6,0,1,0,7,0,0,2,0,3,7,8,5,6,9,0,0,7,0,5,9,0,0,0,0,1,2,4,0,5,0,0,7,0,3,6,0,8,0,0,9,5,0,4,0,0,9,6,3,1,2,0,5,1,8,0,7,0,4,3,0,7,3,9,1,4,8,0,0,0,0,9,5,0,3,0,0,0
L2_A_4=3,9,5,6,4,1,2,7,8,1,2,4,3,7,8,5,6,9,0,6,7,2,5,9,1,3,4,0,1,2,4,3,5,6,8,7,0,3,6,1,8,2,4,9,5,0,4,8,7,9,6,3,1,2,0,5,1,8,2,7,9,4,3,0,7,3,9,1,4,8,5,6,0,8,9,5,6,3,7,2,1
L2_Q_5=0,0,0,0,0,0,7,0,0,0,3,4,0,0,7,0,8,9,0,6,0,0,5,8,1,0,3,0,0,2,0,3,4,0,9,8,0,4,0,0,9,1,0,0,7,0,8,9,0,0,0,3,1,0,0,0,5,6,8,3,0,7,1,0,7,0,9,0,2,0,3,0,0,0,8,7,0,5,0,6,2
L2_A_5=8,5,1,3,2,9,7,4,6,2,3,4,1,6,7,5,8,9,0,6,7,4,5,8,1,2,3,0,1,2,5,3,4,6,9,8,0,4,3,8,9,1,2,5,7,0,8,9,2,7,6,3,1,4,0,2,5,6,8,3,9,7,1,0,7,6,9,4,2,8,3,5,0,9,8,7,1,5,4,6,2
L2_Q_6=0,5,0,0,6,0,0,0,0,1,4,6,0,3,9,0,0,8,0,0,8,1,4,5,2,3,6,0,1,0,0,2,0,7,5,9,0,0,4,0,9,1,6,0,0,0,6,0,0,0,7,0,2,4,0,3,1,6,5,2,0,9,0,0,0,0,0,0,3,4,0,2,0,9,7,0,1,0,0,6,0
L2_A_6=3,5,2,7,6,8,9,4,1,1,4,6,2,3,9,5,7,8,0,7,8,1,4,5,2,3,6,0,1,3,4,2,6,7,5,9,0,2,4,5,9,1,6,8,3,0,6,9,3,8,7,1,2,4,0,3,1,6,5,2,8,9,7,0,8,5,9,7,3,4,1,2,0,9,7,8,1,4,3,6,5
L2_Q_7=0,5,0,8,2,0,0,0,4,1,2,4,0,5,0,7,8,9,0,0,8,1,0,0,0,0,5,0,1,2,4,0,5,6,9,7,0,3,5,6,0,0,0,0,8,0,0,9,2,7,8,3,0,1,0,0,1,5,0,3,0,4,6,0,8,6,0,0,2,5,0,3,0,0,3,0,6,4,0,0,2
L2_A_7=3,5,7,8,2,9,1,6,4,1,2,4,3,5,6,7,8,9,0,6,8,1,4,7,2,3,5,0,1,2,4,3,5,6,9,7,0,3,5,6,9,1,4,2,8,0,4,9,2,7,8,3,5,1,0,7,1,5,8,3,9,4,6,0,8,6,9,1,2,5,7,3,0,9,3,7,6,4,8,1,2
L2_Q_8=1,4,3,0,6,2,8,0,7,2,0,6,1,7,8,3,0,0,0,0,0,0,0,0,1,2,6,0,1,0,0,3,6,5,0,8,0,3,4,0,5,9,6,0,1,0,6,9,7,8,0,2,0,4,0,2,1,5,0,4,0,0,0,0,8,0,6,2,0,0,0,0,0,9,0,0,1,0,4,0,0
L2_A_8=1,4,3,9,6,2,8,5,7,2,5,6,1,7,8,3,4,9,0,7,8,3,4,5,1,2,6,0,1,2,4,3,6,5,9,8,0,3,4,2,5,9,6,7,1,0,6,9,7,8,1,2,3,4,0,2,1,5,9,4,7,8,3,0,8,7,6,2,3,9,1,5,0,9,5,8,1,7,4,6,2
L2_Q_9=0,3,8,5,0,1,0,7,9,1,2,0,0,0,0,4,6,0,0,6,7,2,0,0,1,3,0,0,0,0,4,3,0,6,9,7,0,4,0,1,0,0,0,0,2,0,0,0,0,0,2,3,1,4,0,0,0,8,0,3,9,0,6,0,0,6,0,1,0,7,0,0,0,9,0,6,5,7,8,2,0
L2_A_9=4,3,8,5,6,1,2,7,9,1,2,5,3,7,9,4,6,8,0,6,7,2,4,8,1,3,5,0,1,2,4,3,5,6,9,7,0,4,3,1,9,6,5,8,2,0,5,9,7,8,2,3,1,4,0,7,1,8,2,3,9,4,6,0,8,6,9,1,4,7,5,3,0,9,4,6,5,7,8,2,1
L2_Q_10=6,5,0,4,2,7,9,8,1,0,2,0,3,0,0,0,0,0,0,7,8,0,0,6,2,0,0,0,1,2,5,0,4,0,7,9,0,0,0,0,9,0,4,0,8,0,0,9,0,7,0,1,5,0,0,4,1,0,6,0,8,9,0,0,8,6,0,0,3,0,4,0,0,0,7,8,4,5,3,0,0
L2_A_10=6,5,3,4,2,7,9,8,1,1,2,4,3,8,9,5,6,7,0,7,8,1,5,6,2,3,4,0,1,2,5,3,4,6,7,9,0,3,5,6,9,1,4,2,8,0,6,9,2,7,8,1,5,3,0,4,1,7,6,2,8,9,5,0,8,6,9,1,3,7,4,2,0,9,7,8,4,5,3,1,6
L2_Q_11=0,6,0,0,0,2,4,0,7,0,3,0,1,6,7,5,0,0,0,0,7,0,4,0,0,2,6,0,0,2,4,0,0,6,0,8,0,4,0,2,9,8,7,1,5,0,8,0,0,7,1,2,4,3,0,0,5,0,8,3,0,0,0,0,7,6,0,0,0,8,5,0,0,9,8,5,0,6,3,7,4
L2_A_11=9,6,1,8,5,2,4,3,7,2,3,4,1,6,7,5,8,9,0,5,7,3,4,9,1,2,6,0,1,2,4,3,5,6,9,8,0,4,3,2,9,8,7,1,5,0,8,9,6,7,1,2,4,3,0,2,5,7,8,3,9,6,1,0,7,6,9,1,4,8,5,2,0,9,8,5,2,6,3,7,4
L2_Q_12=0,8,9,6,7,0,5,4,0,0,3,4,0,5,8,0,0,9,0,0,0,3,4,0,0,0,8,0,1,0,4,0,5,7,8,0,0,4,0,0,6,7,0,9,5,0,0,7,0,9,0,3,1,0,0,0,0,0,8,0,9,0,7,0,7,5,9,0,4,8,3,2,0,9,8,7,2,0,4,0,1
L2_A_12=2,8,9,6,7,1,5,4,3,1,3,4,2,5,8,6,7,9,0,5,6,3,4,9,1,2,8,0,1,2,4,3,5,7,8,6,0,4,3,1,6,7,2,9,5,0,6,7,8,9,2,3,1,4,0,2,1,5,8,3,9,6,7,0,7,5,9,1,4,8,3,2,0,9,8,7,2,6,4,5,1
L2_Q_13=0,0,4,0,0,0,0,7,1,1,2,5,0,7,8,0,6,0,0,0,8,0,4,0,2,3,5,0,1,2,4,0,0,6,9,0,0,4,3,0,6,9,1,0,8,0,0,9,7,0,1,0,0,4,0,5,0,0,2,7,0,0,0,0,0,0,5,9,4,0,0,2,0,0,7,8,0,0,5,4,6
L2_A_13=6,3,4,9,5,2,8,7,1,1,2,5,3,7,8,4,6,9,0,7,8,1,4,6,2,3,5,0,1,2,4,3,5,6,9,7,0,4,3,2,6,9,1,5,8,0,6,9,7,8,1,3,2,4,0,5,1,6,2,7,9,8,3,0,8,6,5,9,4,7,1,2,0,9,7,8,1,3,5,4,6
L2_Q_14=0,0,5,1,4,7,8,6,2,1,0,4,3,0,8,0,0,9,0,6,7,2,5,9,1,3,0,0,1,0,4,3,0,6,0,0,0,3,0,0,0,1,2,0,0,0,5,0,6,0,0,3,0,0,0,0,1,5,7,0,0,0,8,0,7,9,8,1,0,4,5,0,0,8,0,9,0,4,7,1,6
L2_A_14=3,9,5,1,4,7,8,6,2,1,2,4,3,6,8,5,7,9,0,6,7,2,5,9,1,3,4,0,1,2,4,3,5,6,8,7,0,3,6,7,8,1,2,9,5,0,5,8,6,9,2,3,4,1,0,4,1,5,7,3,9,2,8,0,7,9,8,1,6,4,5,3,0,8,3,9,2,4,7,1,6
L2_Q_15=4,0,8,9,6,1,3,0,2,1,2,3,4,5,0,0,0,0,0,0,7,0,0,0,1,4,0,0,1,0,0,4,5,0,9,6,0,0,4,1,0,0,0,5,8,0,7,9,6,8,0,4,1,0,0,0,0,5,9,0,8,0,7,0,0,0,7,1,6,0,0,4,0,9,6,0,0,4,5,0,1
L2_A_15=4,5,8,9,6,1,3,7,2,1,2,3,4,5,7,6,8,9,0,6,7,2,3,8,1,4,5,0,1,2,3,4,5,7,9,6,0,3,4,1,7,9,2,5,8,0,7,9,6,8,2,4,1,3,0,4,1,5,9,3,8,6,7,0,8,5,7,1,6,9,2,4,0,9,6,8,2,4,5,3,1
L2_Q_16=0,0,6,5,0,1,0,7,3,1,0,0,4,7,0,0,6,9,0,5,0,3,0,9,0,0,0,0,1,2,0,3,0,7,5,8,0,0,4,1,0,5,0,9,0,0,0,8,2,9,0,0,4,1,0,4,1,0,0,0,0,0,0,0,7,0,8,1,0,0,3,5,0,0,0,0,0,2,6,1,0
L2_A_16=4,9,6,5,2,1,8,7,3,1,2,3,4,7,8,5,6,9,0,5,7,3,6,9,1,2,4,0,1,2,6,3,4,7,5,8,0,3,4,1,8,5,2,9,6,0,6,8,2,9,7,3,4,1,0,4,1,7,5,3,9,8,2,0,7,9,8,1,6,4,3,5,0,8,5,9,4,2,6,1,7
L2_Q_17=8,0,0,6,3,7,0,2,0,1,2,3,0,5,0,0,7,9,0,0,6,0,0,9,0,4,0,0,0,0,3,4,0,7,0,0,0,0,0,7,8,1,2,9,4,0,0,0,0,9,0,5,1,0,0,4,1,8,6,2,0,3,7,0,6,7,9,1,4,0,0,0,0,0,9,0,0,3,0,0,0
L2_A_17=8,9,4,6,3,7,1,2,5,1,2,3,4,5,8,6,7,9,0,5,6,1,2,9,3,4,8,0,1,2,3,4,5,7,8,6,0,3,5,7,8,1,2,9,4,0,7,8,2,9,6,5,1,3,0,4,1,8,6,2,9,3,7,0,6,7,9,1,4,8,5,2,0,8,9,5,7,3,4,6,1
L2_Q_18=0,0,5,3,0,0,1,9,6,0,2,3,0,6,0,0,7,8,0,0,8,0,5,7,2,3,4,0,1,0,0,0,0,6,8,9,0,0,4,2,0,6,0,1,5,0,5,9,0,1,0,3,0,2,0,4,1,0,2,0,0,6,7,0,8,0,0,7,1,0,5,3,0,0,7,6,0,5,0,2,1
L2_A_18=4,7,5,3,8,2,1,9,6,1,2,3,4,6,9,5,7,8,0,6,8,1,5,7,2,3,4,0,1,2,5,3,4,6,8,9,0,3,4,2,9,6,7,1,5,0,5,9,7,1,8,3,4,2,0,4,1,8,2,3,9,6,7,0,8,6,9,7,1,4,5,3,0,9,7,6,4,5,8,2,1
L2_Q_19=7,0,0,0,5,1,0,0,0,0,2,5,0,0,9,0,6,0,0,6,0,0,4,7,1,3,5,0,0,0,0,3,0,0,0,0,0,3,4,0,9,2,0,0,8,0,0,0,1,6,8,2,4,3,0,0,0,8,2,0,0,7,4,0,8,6,9,7,4,3,0,1,0,0,7,0,1,3,0,8,0
L2_A_19=7,4,3,6,5,1,8,2,9,1,2,5,3,8,9,4,6,7,0,6,8,2,4,7,1,3,5,0,1,2,4,3,5,7,9,6,0,3,4,7,9,2,5,1,8,0,7,9,1,6,8,2,4,3,0,5,1,8,2,6,9,7,4,0,8,6,9,7,4,3,5,1,0,9,7,5,1,3,6,8,2
L2_Q_20=1,0,0,5,0,8,7,0,9,4,0,6,1,0,0,0,0,0,0,7,8,0,0,4,0,5,0,0,0,2,0,4,5,6,9,0,0,3,4,6,0,1,0,8,2,0,6,9,0,0,2,3,0,4,0,0,0,8,0,0,0,0,0,0,0,5,0,1,0,4,6,0,0,9,0,0,5,6,8,2,1
L2_A_20=1,2,3,5,6,8,7,4,9,4,5,6,1,7,9,2,3,8,0,7,8,2,3,4,1,5,6,0,1,2,3,4,5,6,9,7,0,3,4,6,9,1,5,8,2,0,6,9,7,8,2,3,1,4,0,4,1,8,2,3,9,7,5,0,8,5,9,1,7,4,6,3,0,9,7,4,5,6,8,2,1
L2_Q_21=6,0,1,7,4,8,3,0,0,2,0,4,0,5,9,6,0,8,0,7,0,0,0,6,1,4,5,0,0,0,3,6,0,0,9,0,0,4,0,0,9,1,0,8,6,0,0,0,0,2,7,0,0,3,0,2,5,9,0,3,8,0,0,0,8,7,0,0,0,9,5,0,0,9,6,0,8,0,0,0,0
L2_A_21=6,5,1,7,4,8,3,2,9,2,3,4,1,5,9,6,7,8,0,7,8,2,3,6,1,4,5,0,1,2,3,6,4,5,9,7,0,4,3,5,9,1,2,8,6,0,6,9,8,2,7,4,1,3,0,2,5,9,7,3,8,6,1,0,8,7,6,1,2,9,5,4,0,9,6,4,8,5,7,3,2
L2_Q_22=0,7,4,6,3,9,0,5,8,1,0,5,0,4,8,0,7,0,0,6,0,0,0,0,2,0,0,0,0,2,3,6,4,5,0,7,0,4,0,0,0,1,8,2,0,0,0,0,0,8,0,0,4,1,0,0,1,0,7,0,9,0,3,0,0,0,9,0,0,7,0,5,0,9,7,0,0,5,0,6,0
L2_A_22=2,7,4,6,3,9,1,5,8,1,3,5,2,4,8,6,7,9,0,6,8,1,5,7,2,3,4,0,1,2,3,6,4,5,9,7,0,4,3,5,9,1,8,2,6,0,5,9,7,8,2,3,4,1,0,2,1,4,7,6,9,8,3,0,8,6,9,2,3,7,1,5,0,9,7,8,1,5,4,6,2
L2_Q_23=0,9,0,6,0,0,0,7,8,1,0,5,2,0,0,3,0,0,0,0,0,1,3,9,0,4,0,0,1,3,4,0,0,5,8,0,0,0,4,3,0,7,0,9,0,0,0,8,0,0,0,4,2,3,0,3,0,0,6,2,0,5,4,0,5,0,0,0,4,8,3,6,0,8,6,9,5,0,0,1,0
L2_A_23=3,9,2,6,4,5,1,7,8,1,4,5,2,7,8,3,6,9,0,6,7,1,3,9,2,4,5,0,1,3,4,2,6,5,8,7,0,2,4,3,8,7,6,9,1,0,7,8,5,9,1,4,2,3,0,3,1,8,6,2,9,5,4,0,5,9,7,1,4,8,3,6,0,8,6,9,5,3,7,1,2
L2_Q_24=0,6,0,0,0,0,7,8,0,1,4,5,2,0,0,3,0,9,0,7,8,0,5,6,0,0,4,0,0,2,4,3,5,6,9,7,0,3,4,6,1,0,0,0,0,0,0,9,0,0,0,4,0,3,0,2,1,8,0,3,0,7,0,0,0,6,0,2,0,0,3,0,0,0,0,5,6,1,8,0,0
L2_A_24=2,6,3,1,9,4,7,8,5,1,4,5,2,7,8,3,6,9,0,7,8,3,5,6,1,2,4,0,1,2,4,3,5,6,9,7,0,3,4,6,1,9,2,5,8,0,5,9,7,8,2,4,1,3,0,2,1,8,4,3,9,7,6,0,8,6,9,2,7,5,3,1,0,9,7,5,6,1,8,4,2
L2_Q_25=2,0,0,9,0,4,0,1,3,0,3,4,2,0,0,0,8,9,0,7,0,0,0,0,0,0,5,0,0,2,3,4,0,8,9,6,0,4,0,0,0,9,0,0,7,0,6,9,0,2,0,0,3,4,0,0,1,4,7,0,0,0,8,0,8,7,0,9,1,3,6,2,0,0,5,8,6,2,4,7,1
L2_A_25=2,5,6,9,8,4,7,1,3,1,3,4,2,5,7,6,8,9,0,7,8,1,3,6,2,4,5,0,1,2,3,4,5,8,9,6,0,4,3,6,1,9,5,2,7,0,6,9,7,2,8,1,3,4,0,2,1,4,7,3,9,5,8,0,8,7,5,9,1,3,6,2,0,9,5,8,6,2,4,7,1
L2_Q_26=0,6,0,4,0,0,7,0,8,1,2,4,5,0,0,0,6,0,0,5,7,3,0,0,0,2,0,0,0,2,6,3,0,8,0,0,0,0,5,0,9,0,2,0,7,0,8,0,2,0,7,0,1,0,0,4,1,7,2,3,0,8,6,0,7,0,0,8,0,0,0,1,0,0,0,0,4,6,0,7,0
L2_A_26=9,6,3,4,1,2,7,5,8,1,2,4,5,7,8,3,6,9,0,5,7,3,6,9,1,2,4,0,1,2,6,3,4,8,9,5,0,3,5,8,9,1,2,4,7,0,8,9,2,5,7,6,1,3,0,4,1,7,2,3,9,8,6,0,7,6,9,8,5,4,3,1,0,9,8,1,4,6,5,7,2
L2_Q_27=1,3,4,0,0,0,0,7,0,2,5,6,0,0,8,3,4,9,0,7,8,0,3,0,1,5,6,0,1,0,3,0,0,5,0,0,0,0,3,5,0,9,0,8,2,0,0,0,0,0,2,4,1,3,0,0,0,0,5,0,9,0,0,0,8,5,0,0,0,0,0,0,0,0,7,4,0,1,8,2,5
L2_A_27=1,3,4,6,9,5,2,7,8,2,5,6,1,7,8,3,4,9,0,7,8,2,3,4,1,5,6,0,1,2,3,4,6,5,9,7,0,4,3,5,1,9,6,8,2,0,6,9,7,8,2,4,1,3,0,2,1,8,5,7,9,3,4,0,8,5,9,2,3,7,6,1,0,9,7,4,6,1,8,2,5
L2_Q_28=8,3,7,0,9,0,2,4,1,0,2,0,3,0,0,0,6,9,0,5,0,0,2,4,0,7,8,0,1,2,0,0,5,8,9,0,0,0,0,2,0,9,1,5,7,0,8,0,0,0,0,4,0,3,0,6,0,0,4,2,9,8,5,0,0,8,0,0,0,0,3,2,0,9,0,8,6,3,0,0,4
L2_A_28=8,3,7,5,9,6,2,4,1,1,2,4,3,7,8,5,6,9,0,5,6,1,2,4,3,7,8,0,1,2,4,3,5,8,9,6,0,4,3,2,8,9,1,5,7,0,8,9,6,1,7,4,2,3,0,6,1,7,4,2,9,8,5,0,7,8,9,5,1,6,3,2,0,9,5,8,6,3,7,1,4
L2_Q_29=0,1,0,6,0,0,0,9,7,3,5,0,0,7,9,0,4,8,0,7,8,2,0,5,0,0,0,0,0,1,3,5,0,0,7,0,0,3,5,7,0,0,4,0,0,0,0,9,8,0,6,3,0,5,0,0,2,9,0,0,0,5,3,0,0,7,4,3,2,9,6,0,0,9,3,5,6,0,7,0,4
L2_A_29=2,1,4,6,8,3,5,9,7,3,5,6,1,7,9,2,4,8,0,7,8,2,4,5,1,3,6,0,2,1,3,5,4,6,7,9,0,3,5,7,9,1,4,8,2,0,4,9,8,2,6,3,1,5,0,6,2,9,1,7,8,5,3,0,8,7,4,3,2,9,6,1,0,9,3,5,6,8,7,2,4

L3=25
L3_Q_0=0,1,0,0,0,8,4,0,7,9,5,0,0,0,0,0,0,0,0,0,8,0,1,0,0,0,0,0,8,2,0,0,0,0,0,0,7,0,0,4,0,6,0,0,8,0,0,0,0,0,0,6,2,0,0,0,0,0,5,0,7,0,0,0,0,0,0,0,0,0,8,2,5,0,3,2,0,0,0,1,0
L3_A_0=2,1,6,9,3,8,4,5,7,9,5,4,7,6,2,8,3,1,3,7,8,5,1,4,2,6,9,6,8,2,1,9,5,3,7,4,7,3,5,4,2,6,1,9,8,4,9,1,8,7,3,6,2,5,8,2,9,6,5,1,7,4,3,1,6,7,3,4,9,5,8,2,5,4,3,2,8,7,9,1,6
L3_Q_1=3,0,0,1,0,0,0,0,4,0,0,0,0,0,0,0,9,0,0,0,2,0,0,9,0,3,0,1,0,0,2,0,0,7,0,0,0,0,3,0,0,0,8,0,0,0,0,8,0,0,6,0,0,1,0,1,0,4,0,0,2,0,0,0,5,0,0,0,0,0,0,0,4,0,0,0,0,7,0,0,8
L3_A_1=3,9,5,1,7,2,6,8,4,7,8,1,3,6,4,5,9,2,6,4,2,8,5,9,1,3,7,1,6,4,2,3,8,7,5,9,9,2,3,7,1,5,8,4,6,5,7,8,9,4,6,3,2,1,8,1,7,4,9,3,2,6,5,2,5,9,6,8,1,4,7,3,4,3,6,5,2,7,9,1,8
L3_Q_2=0,3,0,0,0,0,7,4,0,0,0,0,0,0,0,0,8,0,0,0,0,4,8,5,6,2,0,2,0,0,0,0,9,0,0,0,0,6,0,1,0,4,0,3,0,0,0,0,8,0,0,0,0,9,0,9,6,7,3,1,0,0,0,0,2,0,0,0,0,0,0,0,0,1,7,0,0,0,0,6,0
L3_A_2=5,3,8,2,9,6,7,4,1,6,4,2,3,1,7,9,8,5,9,7,1,4,8,5,6,2,3,2,8,3,5,7,9,4,1,6,7,6,9,1,2,4,5,3,8,1,5,4,8,6,3,2,7,9,4,9,6,7,3,1,8,5,2,3,2,5,6,4,8,1,9,7,8,1,7,9,5,2,3,6,4
L3_Q_3=8,0,0,0,4,0,1,0,3,0,0,0,5,0,0,7,0,0,1,3,0,0,0,0,0,0,0,0,0,0,2,0,6,0,8,0,5,0,0,0,0,0,0,0,4,0,2,0,4,0,7,0,0,0,0,0,0,0,0,0,0,3,1,0,0,2,0,0,4,0,0,0,6,0,4,0,7,0,0,0,5
L3_A_3=8,6,7,9,4,2,1,5,3,2,4,9,5,3,1,7,6,8,1,3,5,7,6,8,9,4,2,4,7,1,2,5,6,3,8,9,5,8,6,1,9,3,2,7,4,9,2,3,4,8,7,5,1,6,7,9,8,6,2,5,4,3,1,3,5,2,8,1,4,6,9,7,6,1,4,3,7,9,8,2,5
L3_Q_4=0,0,0,0,0,2,9,0,0,0,0,8,0,4,0,0,7,0,0,0,0,6,0,7,0,3,0,0,4,0,0,0,0,0,5,0,0,5,3,8,0,9,2,6,0,0,1,0,0,0,0,0,9,0,0,3,0,2,0,4,0,0,0,0,7,0,0,5,0,6,0,0,0,0,5,7,0,0,0,0,0
L3_A_4=1,6,7,5,3,2,9,4,8,3,2,8,9,4,1,5,7,6,5,9,4,6,8,7,1,3,2,9,4,2,3,7,6,8,5,1,7,5,3,8,1,9,2,6,4,8,1,6,4,2,5,3,9,7,6,3,1,2,9,4,7,8,5,4,7,9,1,5,8,6,2,3,2,8,5,7,6,3,4,1,9
L3_Q_5=4,0,0,0,0,0,1,0,0,0,0,2,6,0,0,4,0,0,6,7,0,0,0,0,0,9,2,0,2,0,0,0,4,0,0,0,0,1,0,7,0,9,0,6,0,0,0,0,3,0,0,0,2,0,1,3,0,0,0,0,0,7,9,0,0,7,0,0,5,3,0,0,0,0,8,0,0,0,0,0,1
L3_A_5=4,5,3,9,7,2,1,8,6,8,9,2,6,5,1,4,3,7,6,7,1,8,4,3,5,9,2,7,2,6,5,8,4,9,1,3,3,1,4,7,2,9,8,6,5,5,8,9,3,1,6,7,2,4,1,3,5,4,6,8,2,7,9,2,6,7,1,9,5,3,4,8,9,4,8,2,3,7,6,5,1
L3_Q_6=1,0,0,0,0,0,0,0,9,0,6,0,8,0,7,0,5,0,0,0,7,0,0,0,2,0,0,2,1,0,0,5,0,0,9,3,0,0,0,4,0,8,0,0,0,4,3,0,0,2,0,0,8,7,0,0,1,0,0,0,9,0,0,0,5,0,6,0,9,0,4,0,6,0,0,0,0,0,0,0,8
L3_A_6=1,4,5,2,6,3,8,7,9,3,6,2,8,9,7,1,5,4,9,8,7,1,4,5,2,3,6,2,1,8,7,5,6,4,9,3,5,7,9,4,3,8,6,2,1,4,3,6,9,2,1,5,8,7,7,2,1,3,8,4,9,6,5,8,5,3,6,1,9,7,4,2,6,9,4,5,7,2,3,1,8
L3_Q_7=1,0,0,0,0,0,0,0,4,2,4,5,0,0,0,7,0,8,0,3,0,5,0,0,0,0,0,9,0,0,0,0,3,1,0,0,0,0,0,8,0,7,0,0,0,0,0,7,6,0,0,0,0,2,0,0,0,0,0,9,0,4,0,4,0,2,0,0,0,6,5,3,3,0,0,0,0,0,0,0,9
L3_A_7=1,6,9,7,8,2,5,3,4,2,4,5,9,3,1,7,6,8,7,3,8,5,4,6,9,2,1,9,8,4,2,5,3,1,7,6,6,2,3,8,1,7,4,9,5,5,1,7,6,9,4,3,8,2,8,5,1,3,6,9,2,4,7,4,9,2,1,7,8,6,5,3,3,7,6,4,2,5,8,1,9
L3_Q_8=0,1,9,2,0,0,5,0,0,7,0,0,0,8,0,3,0,0,0,4,0,5,0,0,0,0,0,3,0,0,0,0,0,0,0,0,0,2,0,1,0,7,0,8,0,0,0,0,0,0,0,0,0,1,0,0,0,0,0,4,0,5,0,0,0,5,0,1,0,0,0,6,0,0,2,0,0,6,7,9,0
L3_A_8=8,1,9,2,6,3,5,4,7,7,5,6,4,8,9,3,1,2,2,4,3,5,7,1,8,6,9,3,6,1,8,4,2,9,7,5,5,2,4,1,9,7,6,8,3,9,7,8,6,3,5,4,2,1,6,3,7,9,2,4,1,5,8,4,9,5,7,1,8,2,3,6,1,8,2,3,5,6,7,9,4
L3_Q_9=0,0,0,3,4,0,0,0,0,2,0,0,0,0,0,4,0,7,0,7,0,0,0,8,0,0,5,0,0,3,0,0,1,0,0,2,0,0,9,0,6,0,8,0,0,7,0,0,2,0,0,3,0,0,5,0,0,6,0,0,0,1,0,1,0,2,0,0,0,0,0,9,0,0,0,0,1,4,0,0,0
L3_A_9=9,5,6,3,4,7,1,2,8,2,8,1,9,5,6,4,3,7,3,7,4,1,2,8,9,6,5,8,6,3,4,7,1,5,9,2,4,2,9,5,6,3,8,7,1,7,1,5,2,8,9,3,4,6,5,3,8,6,9,2,7,1,4,1,4,2,7,3,5,6,8,9,6,9,7,8,1,4,2,5,3
L3_Q_10=1,0,0,0,3,4,0,0,9,7,4,0,0,0,0,0,0,0,0,0,0,0,8,0,2,0,0,0,9,0,7,2,0,1,5,0,0,0,0,0,0,0,0,0,0,0,1,7,0,9,3,0,2,0,0,0,3,0,5,0,0,0,0,0,0,0,0,0,0,0,9,6,6,0,0,9,7,0,0,0,5
L3_A_10=1,8,5,2,3,4,6,7,9,7,4,2,1,6,9,5,3,8,3,6,9,5,8,7,2,4,1,4,9,6,7,2,8,1,5,3,2,3,8,4,1,5,9,6,7,5,1,7,6,9,3,8,2,4,9,7,3,8,5,6,4,1,2,8,5,1,3,4,2,7,9,6,6,2,4,9,7,1,3,8,5
L3_Q_11=0,8,0,7,9,0,0,0,0,0,0,0,0,0,2,0,9,0,0,0,3,0,0,8,4,5,0,0,0,8,0,0,0,0,0,1,0,9,6,0,0,0,3,7,0,3,0,0,0,0,0,2,0,0,0,3,2,5,0,0,9,0,0,0,4,0,8,0,0,0,0,0,0,0,0,0,6,4,0,2,0
L3_A_11=4,8,5,7,9,3,6,1,2,7,6,1,4,5,2,8,9,3,9,2,3,6,1,8,4,5,7,2,7,8,9,3,6,5,4,1,1,9,6,2,4,5,3,7,8,3,5,4,1,8,7,2,6,9,6,3,2,5,7,1,9,8,4,5,4,7,8,2,9,1,3,6,8,1,9,3,6,4,7,2,5
L3_Q_12=7,5,0,0,9,0,0,4,6,9,0,1,0,0,0,3,0,2,0,0,0,0,0,0,0,0,0,2,0,0,6,0,1,0,0,7,0,8,0,0,0,0,0,2,0,1,0,0,3,0,8,0,0,5,0,0,0,0,0,0,0,0,0,3,0,9,0,0,0,2,0,4,8,4,0,0,3,0,0,7,9
L3_A_12=7,5,8,2,9,3,1,4,6,9,6,1,8,7,4,3,5,2,4,3,2,5,1,6,7,9,8,2,9,5,6,4,1,8,3,7,6,8,3,9,5,7,4,2,1,1,7,4,3,2,8,9,6,5,5,2,7,4,8,9,6,1,3,3,1,9,7,6,5,2,8,4,8,4,6,1,3,2,5,7,9
L3_Q_13=0,1,0,0,0,8,4,0,7,9,5,0,0,0,0,0,0,0,0,0,8,0,1,0,0,0,0,0,8,2,0,0,0,0,0,0,7,0,0,4,0,6,0,0,8,0,0,0,0,0,0,6,2,0,0,0,0,0,5,0,7,0,0,0,0,0,0,0,0,0,8,2,5,0,3,2,0,0,0,1,0
L3_A_13=2,1,6,9,3,8,4,5,7,9,5,4,7,6,2,8,3,1,3,7,8,5,1,4,2,6,9,6,8,2,1,9,5,3,7,4,7,3,5,4,2,6,1,9,8,4,9,1,8,7,3,6,2,5,8,2,9,6,5,1,7,4,3,1,6,7,3,4,9,5,8,2,5,4,3,2,8,7,9,1,6
L3_Q_14=0,0,0,8,9,0,0,2,0,0,0,9,0,0,5,0,0,7,0,5,0,0,0,0,3,0,0,0,9,3,5,0,0,1,0,0,0,0,0,1,0,7,0,0,0,0,0,1,0,0,6,8,4,0,0,0,8,0,0,0,0,6,0,9,0,0,6,0,0,4,0,0,0,1,0,0,2,8,0,0,0
L3_A_14=1,6,7,8,9,3,5,2,4,3,4,9,2,1,5,6,8,7,8,5,2,7,6,4,3,1,9,4,9,3,5,8,2,1,7,6,2,8,6,1,4,7,9,5,3,5,7,1,9,3,6,8,4,2,7,3,8,4,5,9,2,6,1,9,2,5,6,7,1,4,3,8,6,1,4,3,2,8,7,9,5
L3_Q_15=0,0,0,4,0,0,0,0,2,0,0,4,0,1,2,0,0,9,0,7,0,0,0,8,0,0,0,0,2,0,0,9,0,1,7,0,0,0,0,0,8,0,0,0,0,0,6,1,0,5,0,0,4,0,0,0,0,9,0,0,0,5,0,6,0,0,1,2,0,3,0,0,1,0,0,0,0,3,0,0,0
L3_A_15=5,1,6,4,3,9,7,8,2,3,8,4,7,1,2,5,6,9,2,7,9,5,6,8,4,1,3,8,2,3,6,9,4,1,7,5,4,5,7,2,8,1,9,3,6,9,6,1,3,5,7,2,4,8,7,3,2,9,4,6,8,5,1,6,4,8,1,2,5,3,9,7,1,9,5,8,7,3,6,2,4
L3_Q_16=0,6,0,0,0,0,0,2,7,0,0,0,5,1,0,0,0,0,7,0,0,8,0,0,0,0,9,5,4,0,0,7,0,0,0,0,0,0,0,4,0,8,0,0,0,0,0,0,0,3,0,0,8,2,3,0,0,0,0,2,0,0,1,0,0,0,0,6,3,0,0,0,6,9,0,0,0,0,0,3,0
L3_A_16=8,6,5,3,4,9,1,2,7,4,2,9,5,1,7,8,6,3,7,1,3,8,2,6,5,4,9,5,4,8,2,7,1,3,9,6,2,3,6,4,9,8,7,1,5,9,7,1,6,3,5,4,8,2,3,5,4,9,8,2,6,7,1,1,8,2,7,6,3,9,5,4,6,9,7,1,5,4,2,3,8
L3_Q_17=0,8,0,0,0,0,0,2,0,0,0,1,0,0,0,6,0,0,2,0,0,0,5,0,0,0,3,0,0,6,5,0,1,2,0,0,7,0,0,6,0,4,0,0,9,0,0,4,7,0,9,3,0,0,6,0,0,0,1,0,0,0,5,0,0,7,0,0,0,9,0,0,0,4,0,0,0,0,0,3,0
L3_A_17=4,8,3,1,9,6,5,2,7,5,7,1,3,4,2,6,9,8,2,6,9,8,5,7,4,1,3,3,9,6,5,8,1,2,7,4,7,1,2,6,3,4,8,5,9,8,5,4,7,2,9,3,6,1,6,2,8,9,1,3,7,4,5,1,3,7,4,6,5,9,8,2,9,4,5,2,7,8,1,3,6
L3_Q_18=0,9,0,5,6,8,0,2,0,0,0,0,0,0,0,0,0,0,0,5,6,0,0,0,7,9,0,3,0,0,4,0,9,0,0,7,0,0,0,0,0,0,0,0,0,4,0,0,2,0,1,0,0,8,0,7,4,0,0,0,5,1,0,0,0,0,0,0,0,0,0,0,0,2,0,1,3,4,0,7,0
L3_A_18=1,9,7,5,6,8,3,2,4,2,4,3,9,1,7,8,5,6,8,5,6,3,4,2,7,9,1,3,8,2,4,5,9,1,6,7,7,1,9,6,8,3,2,4,5,4,6,5,2,7,1,9,3,8,9,7,4,8,2,6,5,1,3,6,3,1,7,9,5,4,8,2,5,2,8,1,3,4,6,7,9
L3_Q_19=0,0,1,4,0,0,0,0,0,0,0,0,0,7,8,6,0,1,0,0,0,0,5,0,9,0,0,0,8,0,0,0,0,0,2,3,0,1,3,0,0,0,5,6,0,9,5,0,0,0,0,0,7,0,0,0,5,0,4,0,0,0,0,3,0,9,1,8,0,0,0,0,0,0,0,0,0,7,3,0,0
L3_A_19=8,9,1,4,3,6,2,5,7,5,2,4,9,7,8,6,3,1,6,3,7,2,5,1,9,8,4,4,8,6,7,9,5,1,2,3,7,1,3,8,2,4,5,6,9,9,5,2,6,1,3,4,7,8,2,7,5,3,4,9,8,1,6,3,6,9,1,8,2,7,4,5,1,4,8,5,6,7,3,9,2
L3_Q_20=0,0,0,0,8,0,0,2,0,4,0,0,0,0,7,9,0,0,8,0,3,4,0,0,0,0,0,0,0,0,0,0,5,0,0,1,9,4,0,0,1,0,0,5,2,5,0,0,3,0,0,0,0,0,0,0,0,0,0,9,7,0,3,0,0,9,8,0,0,0,0,4,0,3,0,0,6,0,0,0,0
L3_A_20=7,9,1,5,8,3,4,2,6,4,5,6,1,2,7,9,3,8,8,2,3,4,9,6,1,7,5,3,6,2,9,7,5,8,4,1,9,4,7,6,1,8,3,5,2,5,1,8,3,4,2,6,9,7,6,8,4,2,5,9,7,1,3,2,7,9,8,3,1,5,6,4,1,3,5,7,6,4,2,8,9
L3_Q_21=0,0,9,0,0,0,0,0,2,0,0,0,3,1,0,8,0,0,2,0,8,6,0,0,0,0,0,0,5,0,0,2,0,0,0,1,0,0,0,4,0,8,0,0,0,6,0,0,0,9,0,0,4,0,0,0,0,0,0,6,4,0,3,0,0,7,0,8,5,0,0,0,1,0,0,0,0,0,2,0,0
L3_A_21=3,1,9,8,4,7,5,6,2,5,4,6,3,1,2,8,7,9,2,7,8,6,5,9,1,3,4,8,5,4,7,2,3,6,9,1,7,9,1,4,6,8,3,2,5,6,2,3,5,9,1,7,4,8,9,8,2,1,7,6,4,5,3,4,3,7,2,8,5,9,1,6,1,6,5,9,3,4,2,8,7
L3_Q_22=0,5,0,0,3,0,0,0,0,0,0,1,6,0,0,9,0,8,3,4,0,7,0,1,0,0,0,0,0,0,0,0,7,0,0,5,0,9,0,0,0,0,0,8,0,7,0,0,2,0,0,0,0,0,0,0,0,3,0,9,0,6,1,6,0,4,0,0,8,3,0,0,0,0,0,0,6,0,0,7,0
L3_A_22=9,5,6,8,3,2,1,4,7,2,7,1,6,5,4,9,3,8,3,4,8,7,9,1,5,2,6,8,6,3,9,4,7,2,1,5,4,9,2,5,1,6,7,8,3,7,1,5,2,8,3,6,9,4,5,8,7,3,2,9,4,6,1,6,2,4,1,7,8,3,5,9,1,3,9,4,6,5,8,7,2
L3_Q_23=0,0,7,3,0,0,2,0,0,3,0,0,0,0,0,0,0,1,8,0,0,6,2,0,0,0,0,0,7,3,4,0,0,0,0,5,0,0,0,0,0,0,0,0,0,5,0,0,0,0,8,4,9,0,0,0,0,0,6,7,0,0,4,2,0,0,0,0,0,0,0,6,0,0,9,0,0,4,3,0,0
L3_A_23=6,5,7,3,4,1,2,8,9,3,2,4,8,7,9,6,5,1,8,9,1,6,2,5,7,4,3,9,7,3,4,1,2,8,6,5,4,8,2,5,9,6,1,3,7,5,1,6,7,3,8,4,9,2,1,3,8,9,6,7,5,2,4,2,4,5,1,8,3,9,7,6,7,6,9,2,5,4,3,1,8
L3_Q_24=1,0,0,0,0,0,0,0,0,0,0,2,3,0,0,0,7,4,0,0,0,2,0,0,0,8,5,6,0,0,8,7,0,0,5,0,0,0,0,9,0,6,0,0,0,0,9,0,0,2,4,0,0,3,5,8,0,0,0,2,0,0,0,9,4,0,0,0,7,8,0,0,0,0,0,0,0,0,0,0,6
L3_A_24=1,5,9,7,4,8,3,6,2,8,6,2,3,9,5,1,7,4,4,3,7,2,6,1,9,8,5,6,1,4,8,7,3,2,5,9,3,2,5,9,1,6,7,4,8,7,9,8,5,2,4,6,1,3,5,8,6,1,3,2,4,9,7,9,4,3,6,5,7,8,2,1,2,7,1,4,8,9,5,3,6